2000805282
2000806979
2000815530
2000816512
2000818851
2000824376
2000830003
2000834591
2000834109
2000845114
2000810133
2000854684
2000845952
2000851487
2000845092
2000846585
2000844674
2000852938
2000847035
2000854259
2000832916
2000860515
2000869276
2000864450
2000869911
2000864830
2000864208
2000868399
2000866974
2000864079
2000870519
2000873280
2000870074
2000864261
2000864284
2000864780
2000864625
2000863908
2000872003
2000872616
2000881728
2000872366
2000875880
2000872914
2000872889
2000872391
2000882658
2000872369
2000872372
2000872496
2000872729
2000882443
2000883004
2000885663
2000883270
2000890865
2000891387
2000882957
2000891517
2000891245
2000882997
2000891797
2000892000
2000893119
2000893596
2000894961
2000894497
2000896168
2000894163
2000895319
2000894634
2000895073
2000893241
2000893223
2000896167
2000894565
2000891528
2000871546
2000893220
2000905731
2000901189
2000899053
2000899041
2000902255
2000900339
2000912233
2000910786
2000911968
2000923187
2000922418
2000927383
2000929469
2000801567
2000823239
2000836166
2000832091
2000845939
2000853837
2000854596
2000845764
2000847364
2000852311
2000845598
2000845556
2000856235
2000862592
2000857794
2000858362
2000854312
2000854339
2000857495
2000864243
2000869862
2000864153
2000871116
2000870327
2000864040
2000864777
2000866852
2000863946
2000869934
2000864292
2000867452
2000870900
2000872686
2000881485
2000876377
2000872821
2000880794
2000876866
2000881730
2000881480
2000872448
2000891881
2000891282
2000887388
2000891845
2000889172
2000890533
2000891836
2000894007
2000893932
2000895475
2000893788
2000894550
2000895043
2000899134
2000894084
2000894478
2000897642
2000893873
2000898834
2000894093
2000893102
2000893871
2000896663
2000893000
2000895862
2000900978
2000900361
2000903711
2000905853
2000912234
2000915525
2000921364
2000921278
2000914182
2000929018
2000804602
2000806484
2000820348
2000828894
2000835738
2000838602
2000846553
2000840055
2000847562
2000852304
2000853779
2000851719
2000847285
2000853886
2000845951
2000852065
2000847250
2000847353
2000852061
2000846874
2000845937
2000858340
2000856383
2000855154
2000861313
2000864297
2000863775
2000852692
2000868572
2000864143
2000864428
2000863980
2000864714
2000871926
2000871888
2000873025
2000881659
2000872936
2000872464
2000872312
2000872325
2000872764
2000891395
2000882991
2000883058
2000891364
2000885936
2000891459
2000891792
2000883116
2000891840
2000889151
2000891412
2000882863
2000894177
2000893531
2000894981
2000895795
2000894047
2000895330
2000893841
2000895315
2000893377
2000894048
2000893235
2000894129
2000895338
2000893239
2000906020
2000899100
2000899050
2000910123
2000919820
2000921527
2000915957
2000923629
2000932067
2000929338
2000806894
2000822506
2000847509
2000847502
2000845594
2000851240
2000846842
2000854518
2000845950
2000852152
2000844876
2000701136
2000845117
2000847794
2000845635
2000851436
2000852697
2000861035
2000856797
2000852673
2000871341
2000872058
2000869258
2000869026
2000869397
2000864168
2000863930
2000869866
2000872575
2000871874
2000872558
2000872542
2000880785
2000876101
2000872964
2000872577
2000882623
2000882155
2000882959
2000886511
2000844444
2000891367
2000891694
2000883107
2000891370
2000891242
2000883012
2000891586
2000883275
2000891838
2000890853
2000891425
2000883223
2000894517
2000896461
2000895025
2000893276
2000893767
2000894474
2000894945
2000893728
2000894593
2000895317
2000893202
2000894988
2000893667
2000892044
2000895052
2000893480
2000894194
2000899102
2000895072
2000892120
2000894085
2000893717
2000905674
2000906183
2000915604
2000923637
2000920303
2000923567
2000877327
2000915173
2000916486
2000921523
2000933313
2000806771
2000836593
2000844090
2000845592
2000848129
2000845067
2000853668
2000851550
2000847039
2000851486
2000856315
2000854300
2000858210
2000854288
2000860690
2000856959
2000857490
2000857792
2000856736
2000864751
2000862024
2000863870
2000864478
2000864249
2000868979
2000870062
2000864779
2000864761
2000869062
2000864282
2000871399
2000872373
2000871758
2000872467
2000872515
2000872399
2000882579
2000882005
2000871870
2000880829
2000851910
2000881601
2000871875
2000882181
2000882828
2000882888
2000886532
2000889628
2000883103
2000890869
2000883260
2000891809
2000893176
2000894064
2000895096
2000893286
2000894653
2000896171
2000894495
2000894793
2000893308
2000893379
2000894179
2000894619
2000899203
2000899155
2000902785
2000903760
2000900950
2000910663
2000910604
2000912067
2000921570
2000923359
2000927359
2000923192
2000927403
2000898011
2000805105
2000802749
2000807220
2000807307
2000822813
2000827655
2000838338
2000816285
2000852158
2000855694
2000846826
2000851626
2000847218
2000027149
2000852193
2000853207
2000854682
2000854257
2000830487
2000854337
2000852704
2000854320
2000867871
2000864279
2000871815
2000864788
2000882061
2000880816
2000872368
2000882388
2000882638
2000872814
2000875524
2000872554
2000883147
2000891566
2000883252
2000891855
2000891705
2000891296
2000890104
2000891443
2000893653
2000894083
2000894805
2000893115
2000893743
2000895718
2000894476
2000894927
2000893234
2000892925
2000895470
2000894807
2000893136
2000894288
2000894983
2000892582
2000895048
2000895347
2000902878
2000906917
2000915439
2000914285
2000908608
2000913264
2000915987
2000921362
2000921329
2000923377
2000922321
2000928144
2000933862
2000926691
2000815793
2000812776
2000815255
2000827806
2000811439
2000829466
2000843730
2000838958
2000851553
2000847734
2000847293
2000846612
2000845737
2000853836
2000847287
2000845844
2000844618
2000851489
2000852109
2000856094
2000852695
2000854323
2000863737
2000868771
2000871090
2000868889
2000864597
2000864642
2000868418
2000872810
2000870077
2000869417
2000863823
2000863976
2000870309
2000867402
2000864719
2000864255
2000872321
2000882370
2000879179
2000876097
2000872480
2000880786
2000872631
2000872793
2000889170
2000882903
2000891784
2000890920
2000891502
2000883547
2000883050
2000882836
2000891189
2000886431
2000884902
2000883137
2000883077
2000891414
2000882916
2000891416
2000894098
2000893261
2000893183
2000894446
2000893173
2000894178
2000896666
2000894311
2000893242
2000894049
2000893640
2000896135
2000889917
2000899128
2000893232
2000893217
2000893108
2000894444
2000895331
2000901214
2000871930
2000900367
2000903543
2000907157
2000814693
2000921360
2000923410
2000926469
2000921613
2000926720
2000819861
2000822855
2000828179
2000835737
2000833987
2000839197
2000845512
2000851589
2000851249
2000851481
2000845115
2000845906
2000845765
2000854213
2000847109
2000845660
2000847177
2000845091
2000855379
2000846134
2000828968
2000857573
2000856865
2000861019
2000852675
2000870039
2000864051
2000873230
2000872364
2000870200
2000864294
2000872720
2000882275
2000872286
2000881707
2000875852
2000872343
2000882262
2000315245
2000872746
2000879353
2000872601
2000872692
2000876927
2000872783
2000872340
2000880754
2000871879
2000881719
2000872837
2000891411
2000882847
2000891570
2000891493
2000883145
2000891410
2000889988
2000882999
2000888061
2000883044
2000891851
2000891863
2000894784
2000894062
2000894041
2000893107
2000895750
2000891522
2000893845
2000896667
2000893160
2000893620
2000895370
2000894914
2000894039
2000895036
2000895015
2000894917
2000894082
2000896668
2000894518
2000893250
2000899051
2000900518
2000910667
2000907444
2000907167
2000916435
2000916818
2000921279
2000919697
2000921451
2000918051
2000923085
2000916213
2000929034
2000922959
2000926528
2000805284
2000807070
2000808001
2000822126
2000826185
2000830646
2000833723
2000834522
2000836602
2000846636
2000847534
2000847572
2000847288
2000853537
2000853734
2000846130
2000846888
2000845515
2000853771
2000854683
2000768342
2000853878
2000853885
2000847543
2000854938
2000854335
2000855034
2000854354
2000856756
2000860622
2000859304
2000871724
2000871739
2000866315
2000864285
2000864241
2000865388
2000871866
2000871800
2000869846
2000864752
2000866939
2000871806
2000872597
2000872801
2000872945
2000872431
2000872323
2000872926
2000882125
2000880832
2000891834
2000891773
2000891102
2000883132
2000883436
2000891691
2000891266
2000883053
2000882945
2000882853
2000891238
2000886183
2000889686
2000896680
2000894652
2000899124
2000895038
2000892580
2000893192
2000895029
2000894580
2000895339
2000896670
2000891864
2000895861
2000895373
2000897411
2000897618
2000893180
2000902768
2000900516
2000913050
2000915652
2000915579
2000923363
2000923295
2000921580
2000931013
2000926151
2000814086
2000814437
2000812718
2000840687
2000847476
2000846719
2000845798
2000847735
2000854637
2000847216
2000847190
2000855396
2000828545
2000853882
2000847214
2000854125
2000852192
2000846813
2000860683
2000855673
2000854310
2000854303
2000854311
2000854338
2000854336
2000863855
2000869444
2000871907
2000870022
2000873570
2000872020
2000871925
2000864708
2000866957
2000870184
2000864111
2000870187
2000865872
2000869060
2000863808
2000863831
2000869879
2000882258
2000882454
2000881472
2000880776
2000872699
2000875892
2000872573
2000891165
2000891551
2000891353
2000891413
2000883117
2000891405
2000889325
2000891105
2000894547
2000895336
2000892229
2000894516
2000896662
2000893668
2000894690
2000892182
2000895890
2000896661
2000895253
2000893328
2000894445
2000898138
2000893646
2000894428
2000894089
2000794932
2000894651
2000906185
2000900948
2000904602
2000899204
2000908076
2000902218
2000912262
2000906979
2000921585
2000923283
2000920466
2000921371
2000916279
2000929144
2000794101
2000815148
2000815587
2000814215
2000835300
2000835234
2000835510
2000834514
2000834713
2000834565
2000836501
2000841303
2000844673
2000851300
2000845044
2000847211
2000844796
2000852157
2000852327
2000845633
2000846713
2000846193
2000847030
2000855573
2000845931
2000845717
2000861780
2000861250
2000869913
2000864764
2000871661
2000864749
2000863841
2000871850
2000864514
2000864213
2000871749
2000864126
2000863784
2000872777
2000872921
2000872704
2000872740
2000871877
2000872535
2000872757
2000891349
2000891149
2000891449
2000891162
2000883051
2000891583
2000869839
2000882948
2000883170
2000891860
2000891233
2000891298
2000895006
2000899429
2000894470
2000893150
2000893889
2000894110
2000893238
2000894482
2000893342
2000895879
2000894086
2000894489
2000893464
2000894650
2000898404
2000893751
2000891968
2000894025
2000893321
2000906190
2000902819
2000900972
2000910580
2000908601
2000921350
2000919807
2000921307
2000914111
2000918930
2000923278
2000926880
2000926517
2000926477
2000926641
2000926566
2000926677
2000807402
2000806751
2000814479
2000815437
2000813333
2000819963
2000821956
2000826273
2000833498
2000838681
2000836155
2000846886
2000854123
2000851226
2000845559
2000847213
2000846173
2000846979
2000854318
2000857786
2000854286
2000857601
2000860539
2000860636
2000873241
2000626783
2000863909
2000871637
2000864316
2000870734
2000866829
2000866842
2000864579
2000861896
2000871793
2000872654
2000881917
2000872963
2000872536
2000871844
2000876368
2000872939
2000891356
2000891841
2000883034
2000891880
2000883008
2000891663
2000891346
2000891217
2000891498
2000882935
2000893901
2000893214
2000894590
2000893179
2000894045
2000895008
2000897534
2000893221
2000892903
2000899178
2000891989
2000890213
2000892584
2000890880
2000894149
2000893252
2000895481
2000898498
2000906753
2000903873
2000902873
2000873544
2000914410
2000911345
2000908642
2000919806
2000914837
2000916427
2000928155
2000925102
2000930288
2000923699
2000927076
2000926593
2000814481
2000811496
2000814105
2000816626
2000826826
2000833845
2000834539
2000834229
2000846481
2000845140
2000847340
2000845569
2000852154
2000847634
2000847316
2000845847
2000853770
2000854685
2000845582
2000851202
2000857809
2000862722
2000856999
2000871982
2000864266
2000871492
2000869922
2000863172
2000864796
2000870042
2000864728
2000873337
2000864754
2000873217
2000864348
2000878822
2000872329
2000872358
2000872938
2000877356
2000872752
2000872350
2000871847
2000887682
2000883123
2000886618
2000891160
2000886396
2000890044
2000891428
2000891073
2000895091
2000894548
2000892138
2000894493
2000894490
2000894583
2000895473
2000893345
2000893574
2000893199
2000894545
2000894618
2000893088
2000893688
2000893617
2000889594
2000894710
2000894043
2000895334
2000894555
2000893198
2000894787
2000895042
2000893589
2000894591
2000900952
2000902252
2000912013
2000910734
2000909584
2000907429
2000921460
2000916433
2000921583
2000921553
2000929074
2000926480
2000929382
2000930756
2000802198
2000814061
2000814234
2000815523
2000796088
2000825088
2000823899
2000833573
2000836690
2000841975
2000843357
2000854514
2000854218
2000844670
2000852048
2000845932
2000851806
2000851244
2000854680
2000058531
2000857654
2000863163
2000860655
2000856015
2000656178
2000871763
2000869330
2000864702
2000868789
2000864718
2000871095
2000872045
2000871091
2000871896
2000864069
2000870214
2000875766
2000879909
2000881534
2000872878
2000872356
2000880793
2000872437
2000872593
2000872944
2000881735
2000864757
2000891861
2000883149
2000882901
2000891796
2000881510
2000892486
2000894702
2000893741
2000893195
2000893178
2000894636
2000891471
2000896753
2000896588
2000862078
2000892007
2000895335
2000899157
2000895045
2000894616
2000893785
2000893750
2000894951
2000893707
2000902275
2000903637
2000902854
2000902876
2000901014
2000906915
2000907168
2000910605
2000911093
2000912789
2000919730
2000921352
2000921415
2000919821
2000923371
2000817516
2000819306
2000821599
2000817872
2000834581
2000836449
2000827266
2000845095
2000847195
2000847345
2000855696
2000845760
2000845930
2000847691
2000845583
2000854219
2000854405
2000851318
2000854210
2000845586
2000861963
2000858927
2000854307
2000861013
2000870668
2000871525
2000873187
2000873275
2000867136
2000864254
2000869538
2000871753
2000873176
2000862260
2000873303
2000864792
2000869341
2000873262
2000864753
2000864256
2000869385
2000864039
2000871798
2000871764
2000869054
2000871795
2000872397
2000875199
2000872879
2000872326
2000872620
2000881599
2000877049
2000875725
2000872390
2000883124
2000882966
2000891857
2000891206
2000883135
2000883254
2000889909
2000891354
2000882894
2000894123
2000895434
2000893847
2000899150
2000899617
2000892738
2000895257
2000894553
2000896978
2000890214
2000902397
2000906980
2000908556
2000921349
2000919682
2000923703
2000929073
2000923039
2000926326
2000808346
2000818755
2000824772
2000833752
2000834547
2000838334
2000837120
2000843435
2000847019
2000853001
2000847575
2000854572
2000847061
2000847060
2000854515
2000852874
2000854403
2000847036
2000844614
2000847271
2000851200
2000845561
2000852712
2000861866
2000860727
2000866735
2000861956
2000868793
2000871726
2000863749
2000864114
2000864669
2000867433
2000873214
2000866809
2000864807
2000872648
2000872773
2000883177
2000872543
2000881733
2000875797
2000882607
2000891329
2000891343
2000889150
2000891580
2000891386
2000886343
2000891249
2000891747
2000883611
2000891495
2000895026
2000894725
2000896958
2000894623
2000892153
2000893218
2000893207
2000893740
2000895865
2000893249
2000894506
2000895228
2000894193
2000896619
2000902431
2000898495
2000901001
2000914169
2000911203
2000910319
2000914289
2000912955
2000921515
2000921416
2000918055
2000918065
2000923630
2000926818
2000926464
2000931327
2000933014